# cov matrix for Mariana's velocities, and 25,537 objects objects
8.046355666447428971e-04 6.425765113443953019e-05 1.258003304791696598e-04 -2.628546586239108090e-04 2.470995049326124660e-05 -3.915825998384585456e-04 1.445627990093861770e-04 1.049864638868486504e-03
6.425765113443953019e-05 3.649473420894708275e-03 5.061558670585588433e-04 1.114286000506268560e-03 1.630630544124518546e-03 2.492456842375491942e-03 3.252745947375960695e-03 4.685535260697776087e-03
1.258003304791696598e-04 5.061558670585588433e-04 1.027911409835949308e-02 6.972714468733389424e-03 9.100834237688695469e-03 1.660032736387626051e-02 2.802361855993286063e-02 3.955898164438419184e-02
-2.628546586239108090e-04 1.114286000506268560e-03 6.972714468733389424e-03 2.940427537749565681e-02 3.661857366161194033e-02 5.595170622134740257e-02 8.842195339290338796e-02 1.287780007714690866e-01
2.470995049326124660e-05 1.630630544124518546e-03 9.100834237688695469e-03 3.661857366161194033e-02 9.597835071707221111e-02 1.444289347276118685e-01 2.129501875722642212e-01 3.167414365953376554e-01
-3.915825998384585456e-04 2.492456842375491942e-03 1.660032736387626051e-02 5.595170622134740257e-02 1.444289347276118685e-01 2.951216584256917685e-01 4.471691229233843989e-01 6.521166596836089902e-01
1.445627990093861770e-04 3.252745947375960695e-03 2.802361855993286063e-02 8.842195339290338796e-02 2.129501875722642212e-01 4.471691229233843989e-01 8.231553610684447797e-01 1.213681022371889906e+00
1.049864638868486504e-03 4.685535260697776087e-03 3.955898164438419184e-02 1.287780007714690866e-01 3.167414365953376554e-01 6.521166596836089902e-01 1.213681022371889906e+00 2.001374240152874240e+00
